# Camera: 	px   	py   	pz 	lx  	ly  	lz 	ux  	uy  	uz 	sc_dist	sc_width
cam 	  	0    	4	0 	0   	0   	0  	0   	0   	1  	0.3	1 true	0.5
# Settings: 	bgr  	bgg  	bgb	sh_rays	rec_max
set 		0.4  	0.4  	0.4   	1 	10

# Material:	dr    	dg    	db	sr   	sg   	sb 	rr   	rg  	rb	phong 	trans
#black:
mtl		0	0	0	0.2	0.2	0.2	0	0	0	4	0
#white:
mtl		1	1	1	0.2	0.2	0.2	0	0	0	4	0

mtl		0.4	0.95	0.4	0.3	0.3	0.3	0	0	0	4	0
mtl		0.4	0.5	0.95	0.3	0.3	0.3	0	0	0	4	0
mtl		0.6	0.4	0.9	0.3	0.3	0.3	0	0	0	4	0
mtl		0.7	0.7	0.7	0.3	0.3	0.3	0	0	0	4	0
mtl		0.77	0.1	0.88	0.3	0.3	0.3	0.5	0.5	0.5	100	0.2
mtl		0.77	0.72	0.81	0.5	0.5	0.8	0.5	0.5	0.5	100	0.2
mtl		0.44	0.9	0.81	0.5	0.5	0.8	0.5	0.5	0.5	100	0.2
mtl		0.77	0.1	0.6	0.5	0.5	0.8	0.5	0.5	0.5	100	0.2
mtl		0.2	0.9	0.6	0.5	0.5	0.8	0.5	0.5	0.5	100	0.2



sph 1.5 3 1.5 0.5 8
sph -1.5 3 1.5 0.5 9
sph 1.5 3 -1.5 0.5 10
sph -1.5 3 -1.5 0.5 11



pln		1	0	0	3	3
pln		-1	0	0	3	4
pln		0	0	1	3	5
pln		0	0	-1	3	6


box 0.5 0 0.5 1 1
box -0.5 0 -0.5 1 1
box 0.5 0 -0.5 1 2
box -0.5 0 0.5 1 2

box 1.5 0 0.5 1 2
box -1.5 0 -0.5 1 2
box 1.5 0 -0.5 1 1
box -1.5 0 0.5 1 1

box 0.5 0 1.5 1 2
box -0.5 0 -1.5 1 2
box 0.5 0 -1.5 1 1
box -0.5 0 1.5 1 1

box 1.5 0 1.5 1 1
box -1.5 0 -1.5 1 1
box 1.5 0 -1.5 1 2
box -1.5 0 1.5 1 2


box 1.5 0 2.5 1 2
box -1.5 0 -2.5 1 2
box 2.5 0 -1.5 1 1
box -2.5 0 1.5 1 1

box 2.5 0 2.5 1 1
box -2.5 0 -2.5 1 1
box 2.5 0 -2.5 1 2
box -2.5 0 2.5 1 2


box 2.5 0 1.5 1 2
box -2.5 0 -1.5 1 2
box 1.5 0 -2.5 1 1
box -1.5 0 2.5 1 1

box 2.5 0 0.5 1 1
box -2.5 0 -0.5 1 1
box 0.5 0 -2.5 1 2
box -0.5 0 2.5 1 2

box 0.5 0 2.5 1 1
box -0.5 0 -2.5 1 1
box 2.5 0 -0.5 1 2
box -2.5 0 0.5 1 2


# Lights:	px	py	pz	r	g	b	spec	shadow	width
lgt		0	5	0	1	1	1	1	0.5	0
